3070
8640
7485
1008
6580
141
2967
1942
3117
1572
8784
5659
4418
5018
3308
3522
9253
8515
9155
5011
9005
6260
3860
7585
914
1312
6802
118
4147
2922
3437
3538
181
7293
2185
8905
5924
7763
5409
4176
9680
227
4100
9234
5914
2289
8713
7612
3147
4819
7212
8835
2655
4914
8103
1110
2604
5204
6855
2379
8309
666
4565
7202
1886
5252
6273
8770
5062
1009
976
2276
8855
290
3424
5858
4256
2685
102
6730
7476
4002
7333
8689
2754
5689
5205
7916
8989
3319
6948
6179
9061
8996
7079
7006
5557
5260
9105
1033
8340
8998
6291
9313
9586
3999
4351
6157
2882
7035
4148
9241
5640
6945
1975
9004
7089
7725
33
2796
6480
3206
9300
2934
7561
2444
3699
6542
8005
6308
8943
3213
1662
5125
896
3789
8371
758
1606
7133
19
4222
1341
841
4020
2200
3089
3468
5051
4258
1368
7069
1181
1374
3350
7556
8453
8988
6251
9727
4391
1219
2364
9436
2248
6158
2350
4172
2949
52
2327
9827
3005
7710
8006
4200
9083
9650
7388
6824
8390
1339
5822
3014
4342
47
8154
2171
3498
7239
5667
2963
8973
2698
8890
3742
430
2224
9126
2739
2864
710
2766
5186
4498
8397
1542
977
7747
536
8945
7958
8161
2788
6441
6777
6399
681
8231
877
1114
2415
1877
1216
3554
5293
7749
4344
8307
6036
5148
9189
6591
2391
4570
6986
8422
6979
7791
8728
7684
5586
5897
5798
8075
9341
5649
1508
878
6128
6177
9581
6955
3686
9636
4555
9125
1837
1694
398
6024
3041
5737
7074
3374
6221
6509
8039
3944
8679
3641
6078
4966
3548
8659
5128
7223
5645
6457
372
1281
5860
2384
7279
5005
9104
9185
9878
8801
5127
1169
4973
5628
4046
7396
3405
5414
944
3478
9795
4693
1091
172
4620
8290
1276
3775
3865
6319
9829
3056
8761
7623
606
4032
5269
4469
5733
9729
1521
3514
2989
6725
1709
6280
6086
9074
6947
3862
2567
4904
5563
2692
2244
7015
6276
520
3328
5756
9715
4073
6298
8243
3471
8245
7509
2667
1212
4057
2929
6037
6336
1303
5310
9481
2390
3255
458
9885
9482
6583
2576
6143
903
5203
4081
3748
561
1002
1438
2642
6923
4818
5715
8750
8473
3188
8611
2025
4480
8416
1740
5605
9858
2955
1761
9441
504
4143
310
946
4056
8044
1141
8114
8748
9416
2979
2920
5506
2872
1641
2319
7701
8195
5222
5330
6907
3772
4773
9172
2180
4701
7148
8241
2480
4494
7316
2595
6803
8120
1824
4330
7855
8324
4730
114
8816
5723
2938
2152
9477
9045
6614
3313
3507
239
4522
9707
7161
8617
9847
46
154
6550
4429
751
8674
2821
2511
4394
5477
155
4712
7297
7232
5140
4785
632
3988
2277
8479
5624
6834
7408
11
1985
4039
3403
4934
5250
9793
6217
3873
9757
3561
2052
4803
2353
4744
1595
8408
6564
7141
8623
9529
6329
4890
4450
306
9026
4312
6483
9984
8821
1326
338
2731
1362
2471
